a=[4,1,1;2,7,13;3,0,-1];
b=[3;4;11];
Q=a\b
